$ANSIBLE_VAULT;1.1;AES256
33623730393266313632313761666630343736633336366137626137386631643966356264363134
3538643337366164373637356537356462383536623761610a653632356631663564373832343062
37326630323364323966333964663838666164666636613838326564313132363963393434373564
6264306661656131340a613031313666623338346166313434326638386631353134373730343763
32633139623462373732396366393963623735373636303136626662623632313532613037323561
32636436376263356137323939333137663030393831306437303963613464333064363031623130
30383033353339383064613064623432336361333932646430623866636237376161663964663265
65356531303063613333356463326462643738393032383035613734613831316432306663653434
39313135326230316630306531623236323361643436333131633930396663356537353836343563
34333230663338376162363735363730653038386132333830626466616634653139393163336162
66316433336461316132393637613162636434313966363430613665336635303535396534393634
39336566316165313430363031386135363533366533613963323839613230653538383935333965
6564
